36,9,
0,0,0,0,0,0,0,0,0,0,8,12,12,12,12,12,12,12,12,12,12,12,12,12,12,12,7,12,12,12,12,12,12,12,12,9,
8,12,12,12,12,12,12,12,12,12,6,1,2,1,2,1,2,1,2,1,2,1,2,1,2,1,4,1,2,1,2,1,2,1,2,10,
11,2,1,2,1,2,1,2,1,2,4,2,1,2,1,2,1,2,1,2,1,2,1,2,1,2,4,2,1,2,1,2,1,2,1,10,
11,1,2,1,2,1,2,1,2,1,2,1,2,1,2,1,2,1,2,1,2,1,2,1,2,1,2,1,2,1,2,1,2,1,2,10,
11,2,1,2,1,2,1,2,1,2,4,2,1,2,1,2,1,2,1,2,1,2,1,2,1,2,4,2,1,2,1,2,1,2,1,10,
11,1,2,1,2,1,2,1,2,1,4,1,2,1,2,1,2,1,2,1,2,1,2,1,2,1,5,3,3,3,2,1,3,7,3,9,
8,3,7,3,3,2,1,3,3,3,7,3,3,3,3,3,3,2,1,2,3,3,3,3,3,3,6,2,1,2,1,2,1,10,0,0,
0,0,11,1,2,1,2,1,2,1,2,1,2,1,2,1,2,1,2,1,2,1,2,1,2,1,2,1,2,1,2,1,2,10,0,0,
0,0,8,13,13,13,13,13,13,13,7,13,13,13,13,13,13,13,13,13,13,13,13,13,13,13,13,13,13,13,13,13,13,9,0,0,
